@dimension:2
0.527053, 0.179398
0.149697, 0.956325
0.947077, 0.522349
0.118457, 0.908400
0.487018, 0.314854
0.748054, 0.539743
0.452336, 0.406222
0.369514, 0.427415
0.558716, 0.344083
0.998186, 0.507057
0.100592, 0.655770
0.529002, 0.944939
0.597412, 0.707197
0.867432, 0.929508
0.232693, 0.875726
0.319476, 0.437784
0.834405, 0.846772
0.700731, 0.192746
0.480848, 0.609842
0.611025, 0.496037
0.893555, 0.983634
0.937971, 0.484538
0.635344, 0.231928
0.017470, 0.625824
0.229737, 0.186663
0.241738, 0.895146
0.710983, 0.482916
0.372837, 0.264568
0.592846, 0.959230
0.777892, 0.034701
0.225858, 0.999706
0.062852, 0.359417
0.716573, 0.444028
0.779787, 0.881693
0.609530, 0.376334
0.051824, 0.006989
0.466947, 0.972927
0.975885, 0.702655
0.529457, 0.578537
0.478296, 0.714701
0.987956, 0.577095
0.235303, 0.735998
0.919503, 0.093848
0.309626, 0.884591
0.328139, 0.031418
0.045721, 0.431354
0.758898, 0.799635
0.465742, 0.723495
0.784338, 0.361959
0.449027, 0.791095
0.930897, 0.579653
0.224602, 0.890196
0.526077, 0.771838
0.279895, 0.201030
0.712607, 0.778545
0.008116, 0.410916
0.266798, 0.082023
0.565130, 0.143397
0.076779, 0.430226
0.806687, 0.996472
0.707200, 0.902432
0.166496, 0.299694
0.959116, 0.854562
0.623265, 0.217929
0.729786, 0.514258
0.139377, 0.502138
0.439858, 0.688053
0.102515, 0.973987
0.802899, 0.318017
0.910827, 0.270134
0.150414, 0.014748
0.873394, 0.133284
0.098667, 0.300073
0.320639, 0.977974
0.808516, 0.721960
0.988906, 0.547600
0.508863, 0.467680
0.296007, 0.984046
0.863165, 0.222528
0.027110, 0.635761
0.238564, 0.537683
0.846573, 0.346843
0.383628, 0.642890
0.058258, 0.137406
0.383206, 0.534857
0.334461, 0.294103
0.994991, 0.805563
0.098091, 0.620943
0.197295, 0.941040
0.054912, 0.898134
0.937521, 0.918255
0.110977, 0.185800
0.746731, 0.309246
0.495089, 0.957134
0.557141, 0.867468
0.529360, 0.946465
0.245645, 0.558838
0.382695, 0.961241
0.581382, 0.286956
0.865771, 0.017857
0.126571, 0.278862
0.834990, 0.672967
0.550652, 0.809290
0.729081, 0.662826
0.124480, 0.140765
0.838337, 0.924276
0.301455, 0.546877
0.356469, 0.167141
0.131968, 0.991702
0.535274, 0.345957
0.499283, 0.446644
0.744401, 0.143511
0.995750, 0.575114
0.942452, 0.798269
0.504442, 0.162205
0.177080, 0.176217
0.682752, 0.009796
0.648151, 0.476445
0.615895, 0.353755
0.558058, 0.281643
0.570788, 0.229424
0.936171, 0.222731
0.441434, 0.179679
0.860819, 0.785586
0.348799, 0.262511
0.020854, 0.485407
0.228972, 0.325496
0.616029, 0.601919
0.445391, 0.688470
0.114433, 0.282207
0.057239, 0.023962
0.725678, 0.468737
0.068643, 0.674856
0.298757, 0.213008
0.032463, 0.607381
0.258008, 0.341819
0.958509, 0.664676
0.212330, 0.622063
0.009923, 0.767751
0.592533, 0.694095
0.651683, 0.843432
0.560158, 0.570108
0.802964, 0.423171
0.230353, 0.542076
0.676893, 0.543576
0.881136, 0.256495
0.906471, 0.066244
0.369782, 0.922834
0.074999, 0.507520
0.882062, 0.811623
0.943464, 0.801056
0.349183, 0.724674
0.588683, 0.999495
0.515050, 0.438522
0.245548, 0.918125
0.932327, 0.617102
0.626376, 0.496072
0.480909, 0.631559
0.606191, 0.259639
0.750978, 0.680944
0.621828, 0.065096
0.066402, 0.019117
0.305650, 0.055036
0.998278, 0.050667
0.561623, 0.204677
0.011822, 0.692709
0.355650, 0.410943
0.713269, 0.918223
0.581945, 0.757473
0.849372, 0.394928
0.560909, 0.191975
0.529263, 0.328066
0.809511, 0.445471
0.039215, 0.089751
0.449160, 0.024858
0.788700, 0.672687
0.852005, 0.651262
0.762243, 0.010975
0.453060, 0.584702
0.085502, 0.023992
0.231950, 0.385177
0.665725, 0.834590
0.945811, 0.244854
0.254597, 0.008186
0.583909, 0.755872
0.940898, 0.670952
0.698639, 0.022749
0.336170, 0.013858
0.903890, 0.674364
0.043299, 0.734093
0.892873, 0.523325
0.524038, 0.499142
0.074166, 0.510841
0.701746, 0.253409
0.047532, 0.873668
0.740354, 0.133036
0.929036, 0.307297
0.739949, 0.323140
0.005741, 0.493138
0.169860, 0.828988
0.800615, 0.937588
0.044689, 0.081749
0.948613, 0.342919
0.432192, 0.852859
0.994657, 0.198110
0.640567, 0.008487
0.633474, 0.805244
0.739173, 0.277419
0.587450, 0.270808
0.475507, 0.850316
0.265639, 0.596133
0.200194, 0.657934
0.903220, 0.414465
0.917507, 0.534181
0.985623, 0.372886
0.096198, 0.798214
0.580766, 0.940910
0.881349, 0.828997
0.960625, 0.227667
0.395501, 0.183696
0.374782, 0.963483
0.259371, 0.241995
0.209674, 0.994368
0.340541, 0.476213
0.719976, 0.632044
0.762301, 0.997872
0.236607, 0.660225
0.408487, 0.439862
0.766387, 0.664237
0.827657, 0.432069
0.785296, 0.473323
0.139698, 0.907366
0.092474, 0.214589
0.605577, 0.937135
0.432222, 0.352893
0.075479, 0.577751
0.256146, 0.040052
0.154848, 0.532819
0.084798, 0.204085
0.051264, 0.602041
0.506935, 0.057245
0.112353, 0.313457
0.275246, 0.063232
0.748035, 0.223808
0.534904, 0.130575
0.580989, 0.679575
0.614283, 0.247015
0.587295, 0.669746
0.417769, 0.443906
0.728895, 0.535848
0.990454, 0.567914
0.930027, 0.971171
0.472312, 0.152736
0.032032, 0.363967
0.193553, 0.037653
0.840312, 0.127710
0.419954, 0.171132
0.210355, 0.434000
0.231639, 0.152349
0.527505, 0.782090
0.587855, 0.078411
0.858230, 0.272116
0.451240, 0.989484
0.250278, 0.429412
0.121029, 0.127858
0.904490, 0.762742
0.409123, 0.128930
0.920526, 0.278763
0.170235, 0.138513
0.986963, 0.881078
0.277244, 0.635343
0.217121, 0.147975
0.020555, 0.463687
0.191050, 0.970958
0.886732, 0.298938
0.254116, 0.933877
0.678637, 0.857070
0.772795, 0.367459
0.885288, 0.033092
0.185072, 0.497884
0.937005, 0.251060
0.560564, 0.405815
0.537884, 0.223682
0.428578, 0.102577
0.009416, 0.252270
0.902143, 0.323281
0.375644, 0.450766
0.017473, 0.675436
0.047776, 0.968800
0.624925, 0.106663
0.693265, 0.698738
0.696277, 0.324485
0.611113, 0.978899
0.358275, 0.524030
0.378467, 0.893011
0.832378, 0.775362
0.515375, 0.915838
0.492731, 0.325285
0.061754, 0.899273
0.088764, 0.858908
0.668468, 0.938369
0.168187, 0.722578
0.376635, 0.102282
0.051669, 0.404228
0.865508, 0.600161
0.912062, 0.031880
0.805574, 0.279835
0.191460, 0.864087
0.714403, 0.975699
0.568359, 0.407599
0.514710, 0.732113
0.624230, 0.431975
0.196238, 0.172356
0.790685, 0.043230
0.565357, 0.960357
0.713746, 0.923887
0.769277, 0.241994
0.197168, 0.796982
0.883236, 0.553303
0.357930, 0.735264
0.585005, 0.172055
0.720951, 0.020978
0.572167, 0.412500
0.883764, 0.418004
0.395964, 0.971160
0.288580, 0.171621
0.441488, 0.093470
0.949887, 0.751795
0.420902, 0.099617
0.257531, 0.320707
0.115584, 0.615249
0.489173, 0.537482
0.462161, 0.540351
0.684914, 0.355792
0.792413, 0.083748
0.550504, 0.313288
0.434611, 0.502261
0.507107, 0.947875
0.936715, 0.361183
0.408221, 0.978534
0.228709, 0.917583
0.823756, 0.861589
0.728640, 0.254385
0.454224, 0.142775
0.623458, 0.457341
0.535676, 0.113168
0.015481, 0.189376
0.836671, 0.925150
0.997474, 0.549327
0.539458, 0.662911
0.541390, 0.136544
0.892683, 0.320110
0.080417, 0.574847
0.454922, 0.872077
0.991170, 0.597662
0.901889, 0.044205
0.958439, 0.485250
0.599194, 0.655613
0.893692, 0.277840
0.662112, 0.117476
0.417716, 0.554369
0.275432, 0.190532
0.275110, 0.776477
0.247869, 0.927137
0.387458, 0.002545
0.772172, 0.901342
0.848120, 0.347380
0.408802, 0.731732
0.225680, 0.003287
0.242208, 0.794550
0.009765, 0.113978
0.627791, 0.285840
0.106301, 0.595803
0.660298, 0.634597
0.675904, 0.918583
0.628504, 0.274139
0.454036, 0.983051
0.135326, 0.431822
0.635215, 0.061942
0.061103, 0.960561
0.142259, 0.945814
0.303982, 0.022586
0.606395, 0.685656
0.812351, 0.177551
0.093028, 0.521575
0.107095, 0.940999
0.372053, 0.094581
0.617554, 0.235594
0.636745, 0.777834
0.056922, 0.683834
0.204383, 0.067271
0.617378, 0.269588
0.971946, 0.495250
0.664526, 0.687269
0.927785, 0.286796
0.182438, 0.234890
0.797014, 0.411931
0.325505, 0.764261
0.927626, 0.610193
0.521969, 0.725910
0.369196, 0.082271
0.721699, 0.599604
0.552186, 0.597990
0.420943, 0.782413
0.008782, 0.595831
0.129043, 0.827343
0.145466, 0.850935
0.656655, 0.396686
0.097235, 0.227538
0.234961, 0.993439
0.725142, 0.466714
0.068578, 0.587976
0.119967, 0.279494
0.454042, 0.090053
0.519966, 0.067787
0.299819, 0.055612
0.671099, 0.154553
0.580668, 0.286275
0.425255, 0.262990
0.067034, 0.643868
0.482246, 0.105025
0.154071, 0.475954
0.356697, 0.999776
0.239124, 0.962823
0.174078, 0.724256
0.564501, 0.571561
0.227169, 0.027821
0.584436, 0.610477
0.295185, 0.175983
0.743545, 0.752579
0.599357, 0.398795
0.546125, 0.721296
0.826602, 0.698025
0.707320, 0.927575
0.753018, 0.977260
0.808602, 0.172148
0.283360, 0.435776
0.085058, 0.572936
0.338437, 0.116208
0.100878, 0.450047
0.947263, 0.653210
0.495226, 0.261491
0.885793, 0.520508
0.180952, 0.268013
0.493672, 0.140413
0.915607, 0.598494
0.884198, 0.721142
0.225281, 0.299540
0.365934, 0.255376
0.111414, 0.541867
0.166109, 0.796420
0.423285, 0.145716
0.048044, 0.478605
0.907662, 0.072683
0.576083, 0.229487
0.986133, 0.937775
0.184644, 0.305427
0.315089, 0.693147
0.713376, 0.716332
0.388771, 0.080247
0.717181, 0.667724
0.433968, 0.692551
0.697964, 0.677307
0.502353, 0.047775
0.950698, 0.378021
0.391553, 0.835509
0.408118, 0.243679
0.510287, 0.397023
0.766312, 0.413606
0.483725, 0.968398
0.870165, 0.867086
0.118601, 0.318828
0.547313, 0.686826
0.484885, 0.455659
0.254215, 0.583480
0.555933, 0.568855
0.754351, 0.381925
0.007786, 0.862075
0.895769, 0.197824
0.832147, 0.901443
0.546387, 0.126642
0.474481, 0.599809
0.986828, 0.614006
0.594615, 0.686058
0.574756, 0.929547
0.894092, 0.002664
0.769650, 0.501783
0.460872, 0.868650
0.394203, 0.371104
0.140809, 0.571785
0.988092, 0.854224
0.943990, 0.638123
0.927287, 0.918177
0.798643, 0.797947
0.090700, 0.396475
0.551952, 0.661812
0.068849, 0.152878
0.428732, 0.706981
0.233790, 0.302153
0.282494, 0.875176
0.080956, 0.628837
0.865900, 0.178295
0.606837, 0.105633
0.369307, 0.937785
0.358201, 0.287417
0.618714, 0.718472
0.359633, 0.355248
0.650181, 0.584209
0.794277, 0.417384
0.976038, 0.270018
0.185479, 0.348430
0.067572, 0.679262
0.359439, 0.092998
0.017024, 0.128969
0.577088, 0.115348
0.656319, 0.756730
0.363276, 0.586178
0.897143, 0.275306
0.071903, 0.469709
0.393337, 0.822556
0.704900, 0.259882
0.836757, 0.377857
0.647096, 0.742417
0.800995, 0.319218
0.088678, 0.417072
0.724834, 0.281072
0.971683, 0.079965
0.963656, 0.166726
0.162610, 0.985974
0.262675, 0.779430
0.872669, 0.948096
0.654796, 0.149734
0.584242, 0.355357
0.492954, 0.077191
0.356625, 0.801496
0.751457, 0.743153
0.169679, 0.798070
0.161401, 0.664462
0.608099, 0.313716
0.624524, 0.374397
0.493291, 0.733770
0.476846, 0.348561
0.262156, 0.058898
0.892230, 0.717841
0.745300, 0.255448
0.310876, 0.891740
0.482183, 0.056988
0.797323, 0.611653
0.058881, 0.606247
0.195524, 0.171222
0.720977, 0.463254
0.904113, 0.424862
0.661369, 0.627358
0.998543, 0.509467
0.612595, 0.890812
0.871731, 0.179371
0.688489, 0.434469
0.125440, 0.270075
0.145156, 0.643550
0.147785, 0.817089
0.810858, 0.087385
0.674909, 0.199416
0.581668, 0.092941
0.064563, 0.111689
0.164982, 0.852943
0.416293, 0.642713
0.080528, 0.429000
0.203849, 0.084563
0.252574, 0.016644
0.741681, 0.431277
0.477377, 0.276053
0.627864, 0.516294
0.345815, 0.108953
0.175389, 0.766896
0.220219, 0.226100
0.060426, 0.575768
0.936443, 0.796172
0.257927, 0.972573
0.027860, 0.246742
0.995799, 0.395576
0.443397, 0.171011
0.173722, 0.750004
0.325460, 0.004469
0.107615, 0.689909
0.308511, 0.149735
0.592428, 0.943884
0.856121, 0.825229
0.631156, 0.832805
0.960126, 0.835647
0.713720, 0.486839
0.304574, 0.973987
0.797851, 0.476144
0.545394, 0.440799
0.515546, 0.786073
0.529617, 0.265541
0.952485, 0.423155
0.961799, 0.954414
0.835867, 0.422949
0.506152, 0.890975
0.617511, 0.502350
0.992912, 0.870803
0.584712, 0.254128
0.137175, 0.504222
0.460919, 0.668622
0.529218, 0.569112
0.064043, 0.374957
0.901322, 0.519670
0.101025, 0.920245
0.561646, 0.583027
0.943114, 0.920800
0.878978, 0.977501
0.857214, 0.196105
0.938953, 0.983620
0.708040, 0.035860
0.706584, 0.549702
0.848803, 0.823889
0.105957, 0.820146
0.192631, 0.552556
0.803448, 0.549321
0.441933, 0.570533
0.943470, 0.897250
0.080137, 0.869689
0.857455, 0.241610
0.742409, 0.663900
0.171783, 0.150249
0.242711, 0.241136
0.773005, 0.891141
0.406719, 0.728515
0.151268, 0.356719
0.369384, 0.242707
0.179769, 0.385208
0.189810, 0.131035
0.300606, 0.292288
0.479883, 0.391139
0.879589, 0.252772
0.345418, 0.446036
0.531756, 0.220688
0.099607, 0.100667
0.908819, 0.518111
0.890655, 0.235434
0.938511, 0.546918
0.054831, 0.547052
0.306078, 0.260274
0.421403, 0.512071
0.384477, 0.903060
0.721286, 0.660002
0.653129, 0.136826
0.642217, 0.736835
0.993061, 0.369857
0.178920, 0.100769
0.628100, 0.476335
0.756624, 0.579115
0.179691, 0.063052
0.722032, 0.190324
0.781920, 0.726268
0.390781, 0.861855
0.189780, 0.635156
0.066350, 0.139073
0.407524, 0.258977
0.625543, 0.505889
0.476958, 0.225762
0.389869, 0.529058
0.878273, 0.136337
0.419896, 0.188915
0.086405, 0.210459
0.181432, 0.331286
0.930662, 0.635711
0.387023, 0.700182
0.965097, 0.377889
0.177129, 0.007581
0.415835, 0.940752
0.217065, 0.209007
0.774422, 0.715157
0.641472, 0.221649
0.258352, 0.121108
0.459710, 0.347587
0.898447, 0.195323
0.793556, 0.300059
0.096327, 0.973428
0.404376, 0.350529
0.347115, 0.958360
0.163118, 0.526030
0.981719, 0.750956
0.310123, 0.229888
0.729325, 0.764501
0.974642, 0.800442
0.034076, 0.709128
0.307662, 0.877521
0.492744, 0.544697
0.723645, 0.294481
0.345213, 0.988409
0.189257, 0.834185
0.140525, 0.797316
0.491973, 0.583024
0.889660, 0.517707
0.094627, 0.397100
0.056982, 0.704863
0.624224, 0.337604
0.113589, 0.083381
0.387394, 0.935881
0.355489, 0.696374
0.962990, 0.967825
0.242338, 0.973944
0.074553, 0.016839
0.012728, 0.912907
0.232999, 0.015991
0.760275, 0.946138
0.737251, 0.975098
0.466801, 0.532140
0.680510, 0.337638
0.688764, 0.058507
0.333733, 0.051377
0.485300, 0.444896
0.365925, 0.093598
0.093796, 0.424252
0.409232, 0.964855
0.317944, 0.686454
0.235482, 0.742600
0.870810, 0.701239
0.720256, 0.344817
0.346036, 0.832317
0.751947, 0.976509
0.185881, 0.108230
0.017485, 0.863754
0.110034, 0.344063
0.664399, 0.551930
0.289206, 0.686294
0.539094, 0.554602
0.191575, 0.805888
0.555019, 0.212189
0.252590, 0.286873
0.478430, 0.971842
0.749132, 0.663227
0.850650, 0.872802
0.186759, 0.855254
0.251700, 0.326628
0.628714, 0.797570
0.766258, 0.499103
0.424718, 0.242105
0.060900, 0.548162
0.956637, 0.202468
0.884011, 0.581100
0.554687, 0.621406
0.970555, 0.113753
0.839390, 0.630262
0.816460, 0.247545
0.482426, 0.126700
0.447158, 0.379195
0.127481, 0.569701
0.972415, 0.371653
0.373749, 0.594289
0.210002, 0.505157
0.174844, 0.607336
0.496017, 0.559690
0.713130, 0.570532
0.928561, 0.317764
0.651999, 0.141187
0.935867, 0.124360
0.122415, 0.426615
0.112129, 0.560283
0.671253, 0.752947
0.784020, 0.031270
0.562304, 0.649647
0.611691, 0.691674
0.962570, 0.908245
0.868988, 0.083191
0.189305, 0.649512
0.352680, 0.492966
0.286766, 0.675516
0.400814, 0.484690
0.184236, 0.458771
0.558803, 0.800789
0.863617, 0.814466
0.732347, 0.556135
0.964435, 0.265266
0.329433, 0.788623
0.386768, 0.404187
0.163194, 0.793667
0.157265, 0.144991
0.871990, 0.539332
0.548735, 0.580990
0.692833, 0.439296
0.242431, 0.540619
0.177446, 0.334631
0.137486, 0.725725
0.263959, 0.360220
0.220433, 0.821362
0.626467, 0.037468
0.716746, 0.344160
0.291024, 0.234280
0.543766, 0.071063
0.348951, 0.812929
0.897565, 0.369777
0.840712, 0.848988
0.940874, 0.266227
0.485001, 0.404722
0.161898, 0.021709
0.867487, 0.856126
0.912196, 0.279057
0.119146, 0.480392
0.945189, 0.788198
0.246614, 0.849308
0.315649, 0.105310
0.951229, 0.300121
0.127725, 0.680838
0.851762, 0.558165
0.077497, 0.494731
0.937866, 0.712742
0.058562, 0.254247
0.131405, 0.516481
0.497462, 0.850087
0.416216, 0.340421
0.455656, 0.214597
0.739197, 0.681792
0.881888, 0.886595
0.010523, 0.867939
0.448878, 0.297363
0.782385, 0.544631
0.615767, 0.199805
0.122619, 0.851684
0.257430, 0.628646
0.645787, 0.744590
0.330652, 0.260754
0.486077, 0.494326
0.133127, 0.472850
0.188311, 0.934595
0.730862, 0.605459
0.944315, 0.096765
0.325308, 0.451038
0.588856, 0.897490
0.116470, 0.510857
0.968297, 0.167398
0.453596, 0.579861
0.726926, 0.445004
0.174575, 0.081824
0.216939, 0.093789
0.319496, 0.775938
0.187617, 0.285928
0.596981, 0.466773
0.050412, 0.266575
0.318847, 0.855844
0.169510, 0.957896
0.361159, 0.004248
0.392524, 0.148794
0.773724, 0.977262
0.845268, 0.426685
0.294295, 0.211644
0.099565, 0.396724
0.742464, 0.597406
0.604539, 0.486265
0.654496, 0.118913
0.567872, 0.231829
0.353553, 0.165914
0.515817, 0.334015
0.795995, 0.296295
0.837397, 0.128651
0.239770, 0.816119
0.517163, 0.960863
0.221447, 0.865715
0.068401, 0.619802
0.019200, 0.694235
0.015560, 0.516963
0.591673, 0.255954
0.819352, 0.855809
0.586234, 0.841159
0.363312, 0.185866
0.848621, 0.777514
0.679611, 0.226508
0.922031, 0.569229
0.034966, 0.667683
0.745216, 0.841043
0.407189, 0.631097
0.854392, 0.763541
0.836292, 0.567477
0.590654, 0.121895
0.691291, 0.525271
0.235968, 0.913008
0.928582, 0.677792
0.653329, 0.497219
0.759236, 0.482816
0.682904, 0.573050
0.246835, 0.553544
0.413852, 0.615516
0.975968, 0.099122
0.948533, 0.991782
0.879985, 0.905640
0.094532, 0.795011
0.745598, 0.272988
0.107619, 0.753037
0.292310, 0.862264
0.064392, 0.244421
0.980918, 0.287104
0.353962, 0.037615
0.193025, 0.163404
0.326177, 0.053321
0.163217, 0.195535
0.359610, 0.967076
0.638964, 0.071438
0.665034, 0.227943
0.038314, 0.951143
0.853252, 0.605294
0.169319, 0.743223
0.346217, 0.873761
0.309486, 0.538794
0.506899, 0.448197
0.841679, 0.107284
0.121980, 0.116817
0.344155, 0.211774
0.282637, 0.284273
0.779827, 0.547905
0.632208, 0.523781
0.185654, 0.285307
0.148724, 0.598837
0.656044, 0.129906
0.327531, 0.809382
0.277552, 0.808824
0.904293, 0.445317
0.434560, 0.656168
0.219906, 0.967703
0.188253, 0.960681
0.168506, 0.079165
0.521898, 0.541741
0.044161, 0.218996
0.663489, 0.252748
0.932499, 0.512334
0.794957, 0.839728
0.300161, 0.813996
0.834867, 0.615649
0.212283, 0.838244
0.368902, 0.139128
0.323170, 0.522501
0.670213, 0.278073
0.579899, 0.355767
0.374743, 0.306608
0.161274, 0.531698
0.245452, 0.307365
0.877074, 0.974530
0.925424, 0.605406
0.052852, 0.285006
0.101083, 0.907761
0.736678, 0.351371
0.499460, 0.425282
0.711190, 0.973086
0.649459, 0.458001
0.619177, 0.508754
0.627035, 0.581302
0.946346, 0.231889
0.359797, 0.110873
0.447697, 0.440127
0.212477, 0.097841
0.410748, 0.444164
0.057965, 0.216443
0.762768, 0.843236
0.266962, 0.836537
0.684281, 0.703360
0.366660, 0.457735
0.149193, 0.490283
0.180895, 0.310355
0.135301, 0.006373
0.109514, 0.601022
0.381282, 0.200768
0.301931, 0.553432
0.539108, 0.790669
0.765879, 0.129221
0.818949, 0.070371
0.718528, 0.293632
0.074885, 0.589331
0.890952, 0.236390
0.006681, 0.280537
0.985329, 0.418552
0.598632, 0.205499
0.829105, 0.763844
0.928668, 0.128551
0.550041, 0.544584
0.816891, 0.480080
0.709356, 0.139468
0.041671, 0.369701
0.566587, 0.628616
0.150026, 0.483400
0.511517, 0.068147
0.345423, 0.524668
0.091913, 0.787360
0.157483, 0.813101
0.791764, 0.175370
0.444465, 0.126423
0.798036, 0.592291
0.631121, 0.255885
0.652073, 0.389321
0.319245, 0.549933
0.728154, 0.080103
0.285247, 0.141587
0.658570, 0.585157
0.737679, 0.175584
0.046489, 0.341114
0.102734, 0.646307
0.490002, 0.469719
0.560329, 0.444342
0.055660, 0.477747
0.491302, 0.310016
0.438072, 0.678881
