@dimension:4
0.760840, 0.430179, 0.018149, 0.038166
0.448567, 0.067040, 0.736258, 0.285835
0.025853, 0.518879, 0.793192, 0.169891
0.361471, 0.237107, 0.056894, 0.223714
0.966280, 0.274773, 0.117472, 0.350934
0.142423, 0.695218, 0.528957, 0.172273
0.397740, 0.816158, 0.174508, 0.951227
0.268064, 0.348945, 0.721439, 0.220821
0.343560, 0.220670, 0.799983, 0.307986
0.314664, 0.556460, 0.429738, 0.601945
0.882423, 0.890098, 0.871230, 0.764224
0.312544, 0.923886, 0.744092, 0.953392
0.659241, 0.860858, 0.438266, 0.942641
0.968355, 0.148605, 0.609171, 0.330315
0.611265, 0.539092, 0.525683, 0.159448
0.844222, 0.842782, 0.637246, 0.198397
0.457016, 0.073301, 0.971622, 0.058882
0.623050, 0.607155, 0.455848, 0.442810
0.314512, 0.009486, 0.429653, 0.183916
0.076741, 0.784190, 0.888427, 0.799546
0.973410, 0.098052, 0.961501, 0.954804
0.392197, 0.653446, 0.463477, 0.655440
0.985937, 0.648798, 0.349941, 0.458012
0.807699, 0.990995, 0.648036, 0.545680
0.243560, 0.520769, 0.570513, 0.604173
0.339521, 0.322604, 0.010519, 0.799411
0.704005, 0.217162, 0.841830, 0.634700
0.409132, 0.277145, 0.983158, 0.932355
0.086433, 0.684455, 0.636033, 0.812020
0.617252, 0.150677, 0.431184, 0.910319
0.727809, 0.285412, 0.917679, 0.427402
0.348993, 0.525974, 0.042367, 0.059471
0.536931, 0.206454, 0.874422, 0.407122
0.491625, 0.741665, 0.162261, 0.128985
0.854313, 0.446880, 0.708042, 0.061703
0.044360, 0.558476, 0.311538, 0.021307
0.109190, 0.161469, 0.803926, 0.589288
0.159390, 0.873181, 0.554794, 0.418106
0.100579, 0.427569, 0.150176, 0.004955
0.276866, 0.280089, 0.455477, 0.202588
0.895279, 0.951124, 0.544016, 0.284208
0.691828, 0.559210, 0.647133, 0.358391
0.482611, 0.236101, 0.147311, 0.862492
0.907594, 0.927591, 0.019224, 0.103586
0.968031, 0.697735, 0.828174, 0.113540
0.260634, 0.477416, 0.926385, 0.760370
0.540541, 0.878527, 0.402546, 0.588977
0.939280, 0.483867, 0.360943, 0.366614
0.680897, 0.839880, 0.861607, 0.027451
0.367137, 0.465425, 0.404812, 0.676582
0.319075, 0.699123, 0.168058, 0.552256
0.764143, 0.945989, 0.242236, 0.254389
0.512507, 0.704684, 0.616292, 0.024874
0.053293, 0.702229, 0.356738, 0.694922
0.557005, 0.583146, 0.937445, 0.643050
0.738390, 0.121418, 0.670186, 0.813884
0.942146, 0.648502, 0.376769, 0.348990
0.472974, 0.268466, 0.100230, 0.558238
0.306722, 0.082812, 0.820981, 0.219762
0.546405, 0.421970, 0.052916, 0.366642
0.149556, 0.585709, 0.019511, 0.914651
0.534847, 0.179421, 0.530520, 0.453558
0.946450, 0.979118, 0.039462, 0.243448
0.630999, 0.193112, 0.631865, 0.761366
0.279924, 0.687470, 0.312291, 0.671741
0.948416, 0.025790, 0.456066, 0.093099
0.722742, 0.132206, 0.979034, 0.618350
0.611877, 0.816594, 0.502157, 0.756896
0.152313, 0.918512, 0.432181, 0.670919
0.135696, 0.641185, 0.400950, 0.768518
0.489270, 0.159051, 0.171100, 0.673873
0.781698, 0.998013, 0.603106, 0.398915
0.567786, 0.773503, 0.259799, 0.448203
0.943485, 0.150832, 0.036011, 0.237733
0.580379, 0.432870, 0.239005, 0.956510
0.067474, 0.033095, 0.227232, 0.091949
0.382876, 0.999320, 0.577672, 0.938952
0.967232, 0.267912, 0.798316, 0.293207
0.935107, 0.348266, 0.312463, 0.563240
0.373472, 0.945707, 0.499205, 0.145565
0.507886, 0.047934, 0.621869, 0.751265
0.510440, 0.960135, 0.997316, 0.889809
0.025980, 0.640349, 0.346810, 0.837763
0.276781, 0.853851, 0.666655, 0.466698
0.788488, 0.113614, 0.516696, 0.108573
0.780150, 0.978693, 0.887241, 0.857300
0.640047, 0.266252, 0.898749, 0.281430
0.992861, 0.019584, 0.140260, 0.352471
0.972877, 0.141179, 0.802937, 0.955029
0.166017, 0.254124, 0.060602, 0.538503
0.618447, 0.235731, 0.934567, 0.272433
0.779518, 0.362567, 0.665287, 0.484377
0.916698, 0.950461, 0.396700, 0.329498
0.874477, 0.334108, 0.353404, 0.658447
0.518487, 0.211653, 0.256179, 0.599403
0.160567, 0.645196, 0.809727, 0.078543
0.064311, 0.880762, 0.968250, 0.371370
0.613626, 0.206935, 0.963358, 0.156519
0.616774, 0.126864, 0.207722, 0.177055
0.770357, 0.396134, 0.828998, 0.969610
0.233048, 0.830411, 0.714047, 0.991571
0.328629, 0.266590, 0.578690, 0.041948
0.021812, 0.600926, 0.766209, 0.668193
0.320827, 0.136258, 0.093694, 0.716100
0.497743, 0.569654, 0.174751, 0.040286
0.079311, 0.972843, 0.573165, 0.184887
0.387560, 0.715393, 0.606334, 0.659736
0.181392, 0.653891, 0.940485, 0.728259
0.842155, 0.097483, 0.390642, 0.525222
0.399290, 0.865767, 0.941613, 0.685439
0.171813, 0.665405, 0.454540, 0.450259
0.500638, 0.229009, 0.957241, 0.346288
0.063526, 0.684040, 0.659874, 0.499954
0.723628, 0.017185, 0.829841, 0.136238
0.756432, 0.358196, 0.197594, 0.959519
0.636189, 0.432069, 0.785664, 0.655599
0.653148, 0.463922, 0.132534, 0.505671
0.816674, 0.843777, 0.359153, 0.283459
0.100077, 0.990320, 0.311517, 0.664941
0.667545, 0.428728, 0.628819, 0.565899
0.071800, 0.743626, 0.128776, 0.335562
0.794255, 0.043972, 0.045090, 0.828885
0.070385, 0.957999, 0.086874, 0.086533
0.366068, 0.502883, 0.949573, 0.477848
0.183144, 0.096754, 0.151782, 0.995199
0.307652, 0.706765, 0.601282, 0.747777
0.895066, 0.378895, 0.093685, 0.568972
0.718864, 0.945202, 0.010921, 0.548989
0.865567, 0.581103, 0.595353, 0.091753
0.095809, 0.259838, 0.097956, 0.342194
0.260286, 0.628613, 0.106550, 0.790987
0.123952, 0.266664, 0.823419, 0.206388
0.759070, 0.693858, 0.665948, 0.594064
0.437723, 0.817423, 0.431968, 0.078349
0.818653, 0.107717, 0.396293, 0.492460
0.778133, 0.080692, 0.184657, 0.527516
0.962903, 0.505374, 0.828170, 0.052228
0.793602, 0.065322, 0.861252, 0.061832
0.214276, 0.331004, 0.176354, 0.980934
0.555133, 0.128592, 0.253084, 0.584093
0.842983, 0.021431, 0.190292, 0.243176
0.059546, 0.787217, 0.762723, 0.091458
0.141647, 0.656103, 0.128558, 0.680836
0.804099, 0.493035, 0.441085, 0.315427
0.385390, 0.251297, 0.556849, 0.968121
0.216293, 0.236745, 0.969810, 0.604381
0.837258, 0.796268, 0.874299, 0.340420
0.439448, 0.799838, 0.880575, 0.817369
0.520939, 0.422121, 0.581123, 0.939110
0.626022, 0.548376, 0.549583, 0.833325
0.686535, 0.600964, 0.403572, 0.842584
0.307056, 0.685702, 0.591974, 0.314316
0.717198, 0.954466, 0.715450, 0.560345
0.721497, 0.203352, 0.729022, 0.668424
0.196194, 0.439738, 0.669875, 0.584625
0.785158, 0.152030, 0.163273, 0.124408
0.921996, 0.984740, 0.529872, 0.551011
0.836063, 0.718218, 0.097236, 0.245069
0.879607, 0.549360, 0.101438, 0.865326
0.537155, 0.967917, 0.776932, 0.903443
0.166129, 0.134707, 0.012639, 0.430163
0.741346, 0.809675, 0.199532, 0.529174
0.824605, 0.137333, 0.151867, 0.431572
0.437910, 0.951548, 0.659994, 0.518860
0.474533, 0.477309, 0.135172, 0.838336
0.906056, 0.081484, 0.497687, 0.618961
0.885012, 0.394983, 0.471835, 0.138213
0.943924, 0.534221, 0.653808, 0.543087
0.656186, 0.511877, 0.116428, 0.800402
0.362503, 0.583065, 0.570570, 0.568351
0.268869, 0.875877, 0.872172, 0.591991
0.599924, 0.925701, 0.259489, 0.234714
0.835140, 0.199084, 0.002531, 0.539134
0.232162, 0.944046, 0.581051, 0.731541
0.003000, 0.425188, 0.127477, 0.512428
0.378881, 0.851905, 0.972083, 0.803645
0.866677, 0.232656, 0.242846, 0.516238
0.413405, 0.091487, 0.624119, 0.566129
0.929856, 0.085518, 0.305984, 0.669995
0.600541, 0.288628, 0.970921, 0.264254
0.309420, 0.429210, 0.736985, 0.503642
0.719226, 0.032200, 0.183338, 0.366353
0.298921, 0.963836, 0.197315, 0.277237
0.523677, 0.435959, 0.171238, 0.000472
0.940744, 0.081379, 0.738374, 0.844951
0.097820, 0.055877, 0.126236, 0.645841
0.643512, 0.497922, 0.576850, 0.122929
0.073680, 0.347351, 0.923379, 0.231961
0.561176, 0.687504, 0.887075, 0.069978
0.114489, 0.208779, 0.947516, 0.893662
0.773446, 0.314742, 0.865671, 0.334014
0.771452, 0.793792, 0.259106, 0.801837
0.481714, 0.160111, 0.985247, 0.041111
0.947919, 0.668793, 0.405886, 0.730060
0.111875, 0.276097, 0.359873, 0.377156
0.867205, 0.114442, 0.427872, 0.238552
0.350218, 0.121933, 0.332560, 0.337018
0.269253, 0.328868, 0.277714, 0.536642
0.348048, 0.635525, 0.268841, 0.414630
0.692628, 0.992328, 0.054399, 0.288564
0.899843, 0.660257, 0.943051, 0.865406
0.876709, 0.844198, 0.428274, 0.001373
0.073718, 0.970079, 0.122106, 0.236237
0.434873, 0.911051, 0.031613, 0.316001
0.022280, 0.465199, 0.591860, 0.386963
0.695339, 0.565401, 0.699362, 0.169391
0.956435, 0.807984, 0.788387, 0.418337
0.984868, 0.684127, 0.116424, 0.734630
0.918931, 0.475937, 0.074861, 0.192487
0.135867, 0.512923, 0.693091, 0.784997
0.440827, 0.974242, 0.084298, 0.801945
0.291123, 0.907503, 0.402106, 0.199711
0.536605, 0.718917, 0.838887, 0.179411
0.365126, 0.665481, 0.739176, 0.325880
0.069434, 0.978963, 0.437124, 0.745050
0.060921, 0.896396, 0.730521, 0.861279
0.521631, 0.059329, 0.143682, 0.871604
0.056132, 0.407330, 0.999795, 0.555200
0.247935, 0.050620, 0.768483, 0.902151
0.457260, 0.171039, 0.658276, 0.649082
0.117773, 0.410087, 0.325585, 0.110013
0.981835, 0.700950, 0.870803, 0.585150
0.620245, 0.451073, 0.188629, 0.295884
0.930336, 0.163717, 0.585536, 0.104642
0.717759, 0.377438, 0.606987, 0.635084
0.856283, 0.555497, 0.246238, 0.527480
0.351898, 0.350254, 0.720666, 0.236429
0.655377, 0.921645, 0.088064, 0.093386
0.543872, 0.856617, 0.169164, 0.144766
0.090562, 0.083924, 0.503236, 0.889999
0.210568, 0.024033, 0.930438, 0.869693
0.929520, 0.441563, 0.356216, 0.914315
0.892505, 0.326437, 0.429537, 0.227449
0.734310, 0.543327, 0.693849, 0.514469
0.680175, 0.696712, 0.644120, 0.722087
0.123298, 0.270107, 0.681122, 0.614358
0.511459, 0.095423, 0.776810, 0.850383
0.384317, 0.212956, 0.158132, 0.731841
0.053834, 0.783681, 0.333814, 0.420216
0.575984, 0.571353, 0.732648, 0.616188
0.274444, 0.574673, 0.527077, 0.585532
0.040137, 0.583309, 0.678373, 0.412600
0.567513, 0.194670, 0.813771, 0.043242
0.766503, 0.613050, 0.526131, 0.690928
0.420046, 0.712042, 0.290849, 0.299071
0.480163, 0.095421, 0.744824, 0.255443
0.225365, 0.709867, 0.738433, 0.845647
0.782487, 0.263584, 0.049404, 0.330351
0.202994, 0.716641, 0.577279, 0.319972
0.776741, 0.689983, 0.539544, 0.123045
0.020372, 0.399085, 0.413195, 0.572525
0.419974, 0.500716, 0.529689, 0.485328
0.905994, 0.046251, 0.336760, 0.924968
0.938812, 0.608654, 0.645464, 0.311603
0.113500, 0.602139, 0.150997, 0.805787
0.855570, 0.570720, 0.090508, 0.162627
0.269429, 0.298286, 0.292989, 0.263147
0.711901, 0.918606, 0.011644, 0.706558
0.112584, 0.200259, 0.755434, 0.578789
0.704402, 0.884156, 0.016651, 0.851281
0.486462, 0.974309, 0.212501, 0.500257
0.820739, 0.158620, 0.930448, 0.042257
0.206211, 0.783312, 0.132974, 0.899133
0.723604, 0.613180, 0.717679, 0.033901
0.777972, 0.380633, 0.305436, 0.469385
0.960640, 0.472303, 0.003683, 0.894857
0.860606, 0.201790, 0.485617, 0.762609
0.162994, 0.441421, 0.971083, 0.984152
0.636934, 0.946833, 0.417332, 0.101660
0.605251, 0.447673, 0.038392, 0.246274
0.121047, 0.440826, 0.969100, 0.663972
0.369248, 0.957987, 0.879428, 0.545921
0.291398, 0.522486, 0.421178, 0.745655
0.218546, 0.108569, 0.721249, 0.025299
0.201586, 0.056407, 0.033818, 0.379416
0.840968, 0.145571, 0.608111, 0.520849
0.903625, 0.224854, 0.127682, 0.951476
0.450671, 0.431374, 0.095753, 0.317574
0.474414, 0.483823, 0.619003, 0.584298
0.296353, 0.807374, 0.527500, 0.696587
0.537520, 0.090266, 0.105539, 0.790047
0.322129, 0.027051, 0.653247, 0.116178
0.601140, 0.367661, 0.280625, 0.466336
0.708815, 0.060567, 0.945914, 0.971742
0.067551, 0.322528, 0.735518, 0.846807
0.285361, 0.065520, 0.198416, 0.774696
0.323660, 0.747256, 0.126387, 0.177984
0.379487, 0.043865, 0.240533, 0.634922
0.128825, 0.162481, 0.813875, 0.791105
0.100729, 0.949656, 0.860094, 0.598059
0.575129, 0.186181, 0.148067, 0.565386
0.444613, 0.614387, 0.003198, 0.746190
0.214809, 0.296822, 0.682611, 0.637593
0.018414, 0.480867, 0.926309, 0.473026
0.152845, 0.870290, 0.959646, 0.771630
0.780640, 0.209036, 0.261395, 0.259411
0.915830, 0.350158, 0.101398, 0.199600
0.669820, 0.668000, 0.079411, 0.656694
0.059822, 0.425562, 0.422093, 0.119289
0.894232, 0.355959, 0.604091, 0.954903
0.051739, 0.583733, 0.794022, 0.122664
0.614794, 0.849463, 0.925586, 0.326900
0.214074, 0.946114, 0.346058, 0.190295
0.290377, 0.363946, 0.842916, 0.881669
0.210667, 0.684499, 0.382184, 0.361666
0.517459, 0.936954, 0.394064, 0.041225
0.867430, 0.889789, 0.678418, 0.178715
0.670057, 0.644054, 0.616535, 0.095345
0.462293, 0.763486, 0.914401, 0.336799
0.572937, 0.346905, 0.440094, 0.665836
0.709490, 0.401414, 0.567049, 0.397501
0.793115, 0.884504, 0.858222, 0.130200
0.276528, 0.598176, 0.547436, 0.761096
0.734103, 0.067832, 0.050579, 0.081015
0.622841, 0.085759, 0.343451, 0.384142
0.274155, 0.718685, 0.933357, 0.929296
0.686033, 0.159348, 0.166828, 0.874800
0.770962, 0.550222, 0.586091, 0.426732
0.087208, 0.699574, 0.741573, 0.617540
0.989588, 0.009451, 0.835741, 0.307325
0.211261, 0.660279, 0.313849, 0.862733
0.945664, 0.770148, 0.874448, 0.849703
0.953545, 0.222635, 0.827222, 0.116261
0.996300, 0.819927, 0.507781, 0.273453
0.927625, 0.600958, 0.307379, 0.111630
0.162041, 0.416930, 0.349859, 0.086957
0.491821, 0.028231, 0.483325, 0.249961
0.097463, 0.056722, 0.333953, 0.742613
0.099238, 0.894661, 0.572795, 0.966218
0.223395, 0.594088, 0.843161, 0.001000
0.810079, 0.989784, 0.292620, 0.069405
0.495591, 0.400253, 0.049141, 0.911473
0.126279, 0.373255, 0.291693, 0.478988
0.354712, 0.641043, 0.016295, 0.862160
0.325624, 0.757105, 0.657696, 0.904595
0.522361, 0.313107, 0.384729, 0.146987
0.402285, 0.202015, 0.273666, 0.498986
0.450595, 0.150424, 0.174430, 0.638886
0.748672, 0.937309, 0.350018, 0.744918
0.829279, 0.685334, 0.406529, 0.528062
0.140487, 0.161103, 0.653637, 0.670778
0.761786, 0.336210, 0.683411, 0.093203
0.465284, 0.020736, 0.504020, 0.070223
0.237287, 0.079430, 0.985957, 0.986107
0.497072, 0.291793, 0.169734, 0.726160
0.570008, 0.121594, 0.633993, 0.516565
0.899635, 0.160211, 0.665740, 0.098056
0.033911, 0.942420, 0.252638, 0.084466
0.625957, 0.465832, 0.242727, 0.505159
0.200288, 0.236685, 0.968920, 0.631269
0.739419, 0.406847, 0.870608, 0.306958
0.044614, 0.827792, 0.701121, 0.746986
0.590755, 0.820546, 0.915905, 0.615611
0.577901, 0.779751, 0.268301, 0.335385
0.809207, 0.347735, 0.374757, 0.540718
0.851131, 0.953701, 0.846848, 0.973737
0.603214, 0.220135, 0.805700, 0.398793
0.521448, 0.982650, 0.403021, 0.574159
0.892220, 0.549261, 0.421343, 0.516808
0.987034, 0.085447, 0.101310, 0.715955
0.051322, 0.567072, 0.773902, 0.971498
0.966870, 0.177666, 0.037716, 0.899635
0.161948, 0.867129, 0.842438, 0.854240
0.216747, 0.861577, 0.528371, 0.333925
0.269634, 0.744549, 0.642620, 0.510722
0.710992, 0.643928, 0.499752, 0.332861
0.402010, 0.579605, 0.425233, 0.883591
0.509678, 0.164664, 0.499801, 0.147657
0.669596, 0.894094, 0.031817, 0.747910
0.131608, 0.932613, 0.426609, 0.017172
0.612299, 0.911879, 0.950897, 0.719129
0.399463, 0.769976, 0.984037, 0.708399
0.062767, 0.931863, 0.829402, 0.766444
0.619774, 0.539287, 0.797067, 0.297203
0.090873, 0.304675, 0.678648, 0.043486
0.871371, 0.130628, 0.472780, 0.015920
0.573931, 0.053598, 0.815697, 0.412150
0.010653, 0.041799, 0.516451, 0.987261
0.901678, 0.505262, 0.938321, 0.359449
0.265241, 0.900666, 0.490900, 0.549191
0.256709, 0.510092, 0.114644, 0.817965
0.541478, 0.618396, 0.389028, 0.387419
0.355046, 0.256346, 0.406220, 0.346755
0.915527, 0.258439, 0.589499, 0.711059
0.773743, 0.294848, 0.517174, 0.135054
0.857998, 0.373371, 0.244387, 0.420205
0.393810, 0.766259, 0.507563, 0.617067
0.051458, 0.861693, 0.469546, 0.651518
0.057698, 0.736770, 0.900515, 0.957707
0.187152, 0.459653, 0.387292, 0.211842
0.422290, 0.422369, 0.760029, 0.804165
0.599018, 0.703616, 0.681533, 0.528783
0.253452, 0.774265, 0.078062, 0.983757
0.008336, 0.096400, 0.200462, 0.161877
0.664154, 0.432098, 0.271376, 0.022269
0.275049, 0.749759, 0.200055, 0.331734
0.452601, 0.866971, 0.173396, 0.259274
0.622508, 0.489787, 0.851862, 0.244693
0.550077, 0.152426, 0.830745, 0.323034
0.230502, 0.039729, 0.725837, 0.136864
0.273687, 0.863272, 0.008482, 0.555751
0.503470, 0.822718, 0.422959, 0.676015
0.787129, 0.275424, 0.044813, 0.173033
0.160983, 0.641062, 0.333943, 0.586368
0.078836, 0.990009, 0.081561, 0.801090
0.922199, 0.395370, 0.987953, 0.527554
0.601104, 0.754309, 0.664168, 0.677236
0.297977, 0.092171, 0.114481, 0.085169
0.439690, 0.863203, 0.853263, 0.788994
0.624282, 0.311345, 0.782114, 0.986358
0.719508, 0.770026, 0.819533, 0.893434
0.953333, 0.668047, 0.863065, 0.535421
0.820733, 0.063272, 0.405575, 0.502616
0.471653, 0.080059, 0.553207, 0.754573
0.114758, 0.745068, 0.354128, 0.828091
0.728311, 0.729822, 0.113414, 0.146286
0.623184, 0.859357, 0.216680, 0.741984
0.521626, 0.970163, 0.533662, 0.260169
0.655179, 0.590194, 0.397785, 0.575888
0.942216, 0.826668, 0.812320, 0.662982
0.746533, 0.982851, 0.778221, 0.560674
0.243470, 0.005154, 0.620150, 0.855504
0.448223, 0.283243, 0.469291, 0.374258
0.157260, 0.071690, 0.889066, 0.539884
0.831599, 0.683044, 0.921094, 0.819420
0.995493, 0.250482, 0.843783, 0.454173
0.283745, 0.904294, 0.461572, 0.638546
0.048422, 0.836230, 0.525255, 0.966483
0.672349, 0.170523, 0.977800, 0.879043
0.075556, 0.871966, 0.134020, 0.469762
0.292564, 0.119801, 0.489605, 0.784090
0.194034, 0.131489, 0.932365, 0.261791
0.920136, 0.728882, 0.326876, 0.799973
0.150206, 0.512855, 0.553165, 0.043078
0.014438, 0.665227, 0.470635, 0.958538
0.148682, 0.903762, 0.522003, 0.310031
0.692014, 0.685493, 0.074295, 0.682369
0.571058, 0.772921, 0.489086, 0.069662
0.813070, 0.273384, 0.769972, 0.925950
0.434935, 0.960066, 0.830584, 0.630966
0.651363, 0.454632, 0.005358, 0.059142
0.006529, 0.738454, 0.196362, 0.253850
0.449282, 0.079116, 0.695794, 0.202052
0.879982, 0.862971, 0.950511, 0.234794
0.185079, 0.626010, 0.342135, 0.265789
0.121874, 0.338259, 0.118724, 0.391094
0.122857, 0.864037, 0.866815, 0.564781
0.267570, 0.056962, 0.355666, 0.671193
0.739338, 0.062002, 0.074782, 0.866419
0.899195, 0.769551, 0.849339, 0.835359
0.872132, 0.922649, 0.962131, 0.536126
0.665607, 0.849501, 0.569689, 0.755327
0.776486, 0.393322, 0.556929, 0.312371
0.015247, 0.251280, 0.257819, 0.172312
0.048143, 0.132504, 0.999203, 0.611790
0.356562, 0.733166, 0.317225, 0.594252
0.592071, 0.939094, 0.356630, 0.886170
0.858787, 0.637134, 0.305456, 0.806811
0.080838, 0.640165, 0.245470, 0.621531
0.066965, 0.483374, 0.059020, 0.947850
0.512510, 0.749990, 0.088548, 0.224084
0.178907, 0.891766, 0.911468, 0.036205
0.504851, 0.030040, 0.874620, 0.736576
0.639768, 0.579807, 0.808134, 0.303289
0.376565, 0.932287, 0.941569, 0.942192
0.422687, 0.094772, 0.827461, 0.144024
0.603590, 0.542941, 0.211674, 0.604515
0.083277, 0.642247, 0.245268, 0.213930
0.514008, 0.926090, 0.791580, 0.092681
0.682782, 0.524091, 0.390823, 0.568983
0.892014, 0.087227, 0.023069, 0.724508
0.807927, 0.834141, 0.410442, 0.294749
0.849492, 0.405468, 0.697918, 0.910010
0.537603, 0.501987, 0.891764, 0.878065
0.632926, 0.581336, 0.511276, 0.024051
0.218769, 0.853346, 0.185195, 0.571074
0.034009, 0.589699, 0.063211, 0.381471
0.388424, 0.248428, 0.334347, 0.361890
0.288165, 0.185593, 0.260271, 0.381535
0.458579, 0.330966, 0.539287, 0.804979
0.281907, 0.007854, 0.999959, 0.306325
0.411224, 0.433478, 0.462857, 0.241446
0.990438, 0.294531, 0.183550, 0.921661
0.364554, 0.060366, 0.568695, 0.048478
0.770128, 0.534901, 0.082764, 0.016641
0.686662, 0.720627, 0.571962, 0.965626
0.274185, 0.233214, 0.622163, 0.689994
0.721656, 0.875837, 0.200615, 0.729004
0.374043, 0.533831, 0.101149, 0.003813
0.077757, 0.854324, 0.615835, 0.345812
0.069399, 0.383408, 0.937598, 0.202453
0.620482, 0.440698, 0.812278, 0.954164
0.632137, 0.320031, 0.753073, 0.897516
0.547883, 0.268353, 0.200472, 0.338620
0.182023, 0.267089, 0.967306, 0.504791
0.030354, 0.158327, 0.001956, 0.882467
0.622270, 0.494386, 0.153326, 0.949686
0.364480, 0.813891, 0.071328, 0.811233
0.398217, 0.828067, 0.328994, 0.408795
0.618665, 0.899255, 0.773197, 0.123752
0.906272, 0.706400, 0.460408, 0.069227
0.490664, 0.598033, 0.141289, 0.651971
0.678242, 0.212623, 0.558342, 0.049811
0.178987, 0.238340, 0.777144, 0.465521
0.011949, 0.829840, 0.116383, 0.045064
0.387493, 0.602209, 0.329038, 0.136733
0.079878, 0.505877, 0.280617, 0.337271
0.519151, 0.373198, 0.346588, 0.107230
0.211609, 0.509762, 0.577472, 0.569778
0.264814, 0.732760, 0.503024, 0.325174
0.194985, 0.111432, 0.840498, 0.253491
0.428699, 0.136368, 0.945194, 0.873717
0.560026, 0.348663, 0.985640, 0.652914
0.518258, 0.356642, 0.082487, 0.352665
0.241036, 0.085366, 0.740195, 0.453068
0.707318, 0.888028, 0.092575, 0.903567
0.249485, 0.099297, 0.882592, 0.719330
0.781644, 0.088197, 0.335234, 0.280210
0.489950, 0.582154, 0.254389, 0.511568
0.920149, 0.943654, 0.986858, 0.121225
0.427126, 0.711384, 0.231156, 0.041436
0.419999, 0.917196, 0.313085, 0.022549
0.972765, 0.254790, 0.249860, 0.404220
0.724720, 0.366890, 0.327921, 0.374657
0.855740, 0.423032, 0.905859, 0.766696
0.851359, 0.785194, 0.749487, 0.626482
0.279099, 0.814417, 0.902877, 0.655197
0.889968, 0.689684, 0.526544, 0.618219
0.410163, 0.606034, 0.612917, 0.301783
0.073084, 0.320214, 0.840748, 0.448770
0.470806, 0.835699, 0.596511, 0.554728
0.318102, 0.332917, 0.343929, 0.415484
0.036969, 0.344268, 0.112235, 0.340656
0.413451, 0.874061, 0.350631, 0.053506
0.273847, 0.547122, 0.472943, 0.755259
0.641310, 0.494840, 0.782972, 0.403986
0.791296, 0.316099, 0.671461, 0.239454
0.500958, 0.601413, 0.940374, 0.864104
0.987935, 0.221394, 0.974370, 0.229710
0.729658, 0.355675, 0.833567, 0.753829
0.605622, 0.689069, 0.188293, 0.645434
0.804204, 0.255620, 0.197891, 0.945644
0.440251, 0.293602, 0.574162, 0.933184
0.018044, 0.259600, 0.091598, 0.490755
0.117828, 0.332831, 0.893883, 0.488710
0.749689, 0.023776, 0.596789, 0.239491
0.128093, 0.855914, 0.350447, 0.957825
0.159436, 0.639954, 0.706511, 0.338337
0.429954, 0.232120, 0.238538, 0.107139
0.689771, 0.986858, 0.122571, 0.051626
0.675499, 0.118979, 0.677401, 0.080979
0.008870, 0.077816, 0.861530, 0.739943
0.217147, 0.589476, 0.330259, 0.671123
0.562292, 0.436355, 0.812351, 0.179828
0.370524, 0.402724, 0.574283, 0.976265
0.089176, 0.784564, 0.167187, 0.910849
0.632378, 0.376939, 0.207086, 0.494750
0.264867, 0.624606, 0.760134, 0.574059
0.212118, 0.069204, 0.115617, 0.175687
0.778645, 0.678999, 0.939458, 0.469455
0.133288, 0.173714, 0.615923, 0.820073
0.974089, 0.513555, 0.321598, 0.099731
0.181370, 0.282099, 0.237859, 0.697428
0.667638, 0.989869, 0.734496, 0.670728
0.930915, 0.890007, 0.355591, 0.419248
0.297058, 0.656637, 0.106429, 0.755286
0.092954, 0.277519, 0.254905, 0.185799
0.723033, 0.012823, 0.522173, 0.164535
0.337946, 0.859051, 0.078262, 0.344103
0.336128, 0.308749, 0.138405, 0.168467
0.418314, 0.602605, 0.983940, 0.085672
0.886236, 0.968754, 0.852399, 0.274671
0.403121, 0.261516, 0.307806, 0.301120
0.931136, 0.600427, 0.368647, 0.857658
0.655402, 0.341757, 0.904994, 0.231476
0.424304, 0.269154, 0.679327, 0.452720
0.869699, 0.035692, 0.883197, 0.898016
0.962005, 0.412847, 0.726759, 0.636801
0.706198, 0.069351, 0.587153, 0.283032
0.916972, 0.556060, 0.701964, 0.904661
0.634910, 0.935842, 0.703701, 0.097840
0.396152, 0.126189, 0.854039, 0.833947
0.151870, 0.484353, 0.528753, 0.753840
0.796484, 0.501109, 0.135286, 0.746201
0.398823, 0.013297, 0.474946, 0.419494
0.441700, 0.649256, 0.039325, 0.940249
0.769939, 0.369659, 0.860492, 0.289370
0.437857, 0.068498, 0.251358, 0.570356
0.980148, 0.349912, 0.970179, 0.794288
0.600052, 0.068013, 0.098238, 0.079558
0.135751, 0.574981, 0.700605, 0.061931
0.871110, 0.749216, 0.067457, 0.755212
0.846526, 0.569379, 0.551292, 0.565789
0.212803, 0.572809, 0.196595, 0.169726
0.592352, 0.668444, 0.537401, 0.092687
0.795106, 0.354426, 0.838408, 0.115676
0.167406, 0.589469, 0.207401, 0.790925
0.069944, 0.546584, 0.432258, 0.958521
0.864139, 0.584398, 0.979304, 0.167185
0.873564, 0.986355, 0.673184, 0.197858
0.391631, 0.143304, 0.504055, 0.648623
0.405982, 0.335162, 0.065307, 0.616021
0.456779, 0.077110, 0.987770, 0.447737
0.113789, 0.459129, 0.581554, 0.179504
0.916891, 0.188887, 0.628829, 0.722137
0.960665, 0.892673, 0.161359, 0.967923
0.876492, 0.195646, 0.221433, 0.623035
0.344667, 0.809972, 0.195909, 0.647738
0.529110, 0.757503, 0.354533, 0.633002
0.862035, 0.223390, 0.523369, 0.267707
0.351309, 0.447486, 0.905026, 0.777413
0.974253, 0.274010, 0.277930, 0.164133
0.586701, 0.679941, 0.770387, 0.898102
0.399654, 0.983765, 0.135209, 0.455484
0.318340, 0.339165, 0.353839, 0.979468
0.911650, 0.098194, 0.349084, 0.056295
0.152234, 0.590542, 0.231827, 0.315454
0.839961, 0.229108, 0.625173, 0.285084
0.402976, 0.824205, 0.415209, 0.424866
0.731102, 0.629050, 0.441964, 0.082142
0.568681, 0.817162, 0.039261, 0.863998
0.219465, 0.548172, 0.128950, 0.269950
0.046390, 0.681055, 0.490953, 0.445811
0.751870, 0.678224, 0.908357, 0.763752
0.381700, 0.237808, 0.846451, 0.300857
0.511976, 0.788351, 0.823470, 0.060667
0.634797, 0.037197, 0.162448, 0.269097
0.708748, 0.925461, 0.231273, 0.998232
0.287017, 0.893483, 0.770969, 0.683850
0.462285, 0.632003, 0.079560, 0.167386
0.250720, 0.857317, 0.925764, 0.316284
0.782247, 0.221796, 0.726397, 0.562599
0.598064, 0.666689, 0.046765, 0.974732
0.313279, 0.288524, 0.217908, 0.378163
0.784513, 0.303461, 0.269011, 0.273415
0.289729, 0.481998, 0.939988, 0.373977
0.435588, 0.929490, 0.931370, 0.539344
0.758966, 0.949055, 0.762998, 0.699139
0.435963, 0.222282, 0.889927, 0.998655
0.397539, 0.446296, 0.896765, 0.922807
0.611561, 0.497395, 0.712908, 0.844061
0.131501, 0.132838, 0.602234, 0.750464
0.052012, 0.159662, 0.439531, 0.198050
0.632578, 0.730600, 0.201608, 0.420153
0.515598, 0.647975, 0.523149, 0.568464
0.174214, 0.013476, 0.499071, 0.883908
0.849407, 0.977531, 0.365396, 0.207765
0.903734, 0.053986, 0.350300, 0.493747
0.407604, 0.593498, 0.923026, 0.303008
0.662853, 0.564017, 0.434485, 0.388836
0.174335, 0.042275, 0.513740, 0.429160
0.888505, 0.097417, 0.279431, 0.395448
0.288829, 0.344086, 0.050943, 0.203286
0.636069, 0.416309, 0.912950, 0.948814
0.725170, 0.934254, 0.004504, 0.694319
0.420198, 0.261490, 0.856874, 0.488381
0.219287, 0.555775, 0.918729, 0.086219
0.085750, 0.193365, 0.883979, 0.030891
0.185105, 0.056045, 0.948980, 0.511428
0.570673, 0.299653, 0.269135, 0.351621
0.702455, 0.163648, 0.437369, 0.853432
0.638966, 0.109835, 0.989423, 0.227654
0.175862, 0.707209, 0.067020, 0.406181
0.679620, 0.371390, 0.949565, 0.334954
0.566208, 0.254782, 0.117673, 0.730978
0.550828, 0.766162, 0.889281, 0.154000
0.272172, 0.397965, 0.589564, 0.803683
0.501270, 0.842669, 0.744791, 0.703535
0.312083, 0.178151, 0.189780, 0.632832
0.999627, 0.724293, 0.188435, 0.027107
0.594665, 0.533638, 0.854137, 0.474730
0.786079, 0.628941, 0.611611, 0.339629
0.151979, 0.310809, 0.765448, 0.879092
0.895071, 0.456838, 0.078517, 0.642376
0.415528, 0.774119, 0.625458, 0.066322
0.679282, 0.694009, 0.201903, 0.388943
0.963458, 0.843720, 0.401604, 0.766618
0.544512, 0.605329, 0.772787, 0.227453
0.805796, 0.009484, 0.392862, 0.824774
0.976121, 0.669920, 0.349644, 0.472411
0.816669, 0.755018, 0.589098, 0.963500
0.548931, 0.877081, 0.095385, 0.131949
0.662791, 0.528189, 0.276686, 0.268839
0.370724, 0.765636, 0.046470, 0.027159
0.464362, 0.538808, 0.739960, 0.511990
0.012569, 0.249563, 0.397543, 0.502427
0.285781, 0.124177, 0.050307, 0.504021
0.088192, 0.248048, 0.949250, 0.046660
0.219684, 0.227364, 0.306232, 0.843124
0.390708, 0.624897, 0.642364, 0.213983
0.412999, 0.277200, 0.908125, 0.857384
0.057042, 0.708947, 0.264754, 0.722415
0.632264, 0.456105, 0.756204, 0.524918
0.304339, 0.028761, 0.388074, 0.366857
0.765792, 0.673023, 0.503473, 0.877307
0.899032, 0.023137, 0.871799, 0.326905
0.285138, 0.309231, 0.242383, 0.733493
0.816893, 0.513358, 0.008031, 0.973298
0.222032, 0.695995, 0.581047, 0.662324
0.682802, 0.851718, 0.825711, 0.718980
0.903837, 0.789319, 0.092527, 0.106232
0.442705, 0.540282, 0.524452, 0.458717
0.657659, 0.276787, 0.955609, 0.920976
0.847097, 0.157503, 0.153235, 0.424037
0.782673, 0.379199, 0.190561, 0.764274
0.151311, 0.091716, 0.477682, 0.405330
0.389609, 0.154775, 0.303875, 0.232077
0.522762, 0.055649, 0.293819, 0.221743
0.829339, 0.701322, 0.116034, 0.188568
0.266013, 0.872795, 0.059369, 0.814676
0.263871, 0.878430, 0.776391, 0.798895
0.021040, 0.618107, 0.517121, 0.245838
0.797585, 0.007874, 0.333699, 0.472225
0.688978, 0.651053, 0.256162, 0.318029
0.114007, 0.122652, 0.420184, 0.030823
0.043644, 0.532720, 0.423949, 0.306987
0.534631, 0.540245, 0.905949, 0.290396
0.680257, 0.074161, 0.426371, 0.014399
0.005167, 0.836658, 0.716875, 0.513856
0.380493, 0.942147, 0.661189, 0.599523
0.185217, 0.944838, 0.884157, 0.033071
0.817561, 0.746428, 0.222286, 0.958165
0.876630, 0.520344, 0.416796, 0.094308
0.027952, 0.793569, 0.518861, 0.498270
0.431421, 0.886114, 0.924186, 0.789087
0.184696, 0.184008, 0.615648, 0.191011
0.318536, 0.633636, 0.528069, 0.261819
0.391432, 0.802947, 0.123773, 0.252268
0.860476, 0.016096, 0.532909, 0.597463
0.564701, 0.936728, 0.582239, 0.693048
0.050860, 0.801686, 0.928204, 0.325974
0.636774, 0.262568, 0.981368, 0.855070
0.158954, 0.538887, 0.073542, 0.024938
0.137050, 0.397442, 0.803729, 0.271940
0.500206, 0.956473, 0.440676, 0.434718
0.308188, 0.720183, 0.120366, 0.996006
0.868449, 0.021508, 0.476681, 0.583262
0.883934, 0.274801, 0.582468, 0.537078
0.677035, 0.934156, 0.361600, 0.413370
0.506568, 0.884446, 0.891164, 0.794946
0.660496, 0.953275, 0.696513, 0.288196
0.713145, 0.827957, 0.469488, 0.688021
0.572138, 0.921160, 0.941424, 0.515877
0.340682, 0.843995, 0.030863, 0.710615
0.314563, 0.865112, 0.929880, 0.491370
0.461064, 0.095188, 0.820432, 0.999258
0.537446, 0.856917, 0.197043, 0.702928
0.106490, 0.770875, 0.094032, 0.402153
0.989274, 0.726362, 0.961847, 0.757446
0.402158, 0.062638, 0.761588, 0.006137
0.143783, 0.562241, 0.586051, 0.757820
0.683993, 0.868291, 0.373448, 0.534525
0.766892, 0.153147, 0.947255, 0.522815
0.944138, 0.121218, 0.315945, 0.085566
0.101949, 0.457662, 0.928624, 0.382995
0.997267, 0.070381, 0.888023, 0.007510
0.219348, 0.575238, 0.031013, 0.235488
0.851934, 0.453710, 0.507590, 0.062599
0.103124, 0.205869, 0.045606, 0.492042
0.747298, 0.845638, 0.632252, 0.264202
0.449639, 0.082418, 0.203104, 0.576100
0.508826, 0.832867, 0.002935, 0.325152
0.833665, 0.406367, 0.809588, 0.752851
0.163649, 0.447613, 0.036397, 0.726333
0.482857, 0.381736, 0.845229, 0.757264
0.341124, 0.266015, 0.919182, 0.683839
0.287421, 0.683203, 0.589846, 0.547488
0.632335, 0.652217, 0.807904, 0.441915
0.262651, 0.378422, 0.139480, 0.242598
0.339336, 0.222024, 0.553453, 0.883312
0.822591, 0.287949, 0.562023, 0.922050
0.895385, 0.740749, 0.763880, 0.530814
0.382895, 0.312320, 0.168434, 0.862603
0.761958, 0.228038, 0.633055, 0.748544
0.771729, 0.449425, 0.485450, 0.961825
0.392440, 0.742794, 0.141622, 0.236735
0.807719, 0.325251, 0.495430, 0.693386
0.732045, 0.476712, 0.098401, 0.832687
0.972713, 0.392801, 0.809412, 0.789639
0.457840, 0.916129, 0.382098, 0.927671
0.374689, 0.396190, 0.764993, 0.231383
0.851555, 0.092938, 0.011806, 0.415460
0.629505, 0.092404, 0.032346, 0.638838
0.952770, 0.201944, 0.066777, 0.319752
0.065070, 0.630880, 0.204283, 0.380680
0.092495, 0.567050, 0.409866, 0.622820
0.740913, 0.525430, 0.902435, 0.232042
0.928670, 0.153689, 0.049417, 0.548879
0.001114, 0.728447, 0.006262, 0.246775
0.555142, 0.269757, 0.800169, 0.437289
0.515413, 0.544092, 0.557136, 0.786919
0.742444, 0.256489, 0.818487, 0.318430
0.854750, 0.778051, 0.705716, 0.968347
0.006486, 0.014476, 0.293270, 0.983520
0.018828, 0.445819, 0.876262, 0.339829
0.499348, 0.548949, 0.184172, 0.375116
0.573581, 0.176667, 0.249051, 0.797240
0.205490, 0.664485, 0.998008, 0.526321
0.881676, 0.323970, 0.957058, 0.280433
0.239626, 0.388755, 0.809095, 0.458973
0.965731, 0.041497, 0.438843, 0.637994
0.769534, 0.555372, 0.144498, 0.580625
0.565044, 0.691927, 0.210128, 0.622777
0.011871, 0.517389, 0.755462, 0.054953
0.594970, 0.667564, 0.749327, 0.942773
0.182318, 0.215804, 0.020740, 0.572885
0.471221, 0.808517, 0.741941, 0.804879
0.607987, 0.442650, 0.622437, 0.298809
0.088951, 0.004788, 0.466252, 0.298073
0.716565, 0.308561, 0.992212, 0.109171
0.834397, 0.708222, 0.087268, 0.711727
0.997562, 0.031438, 0.376549, 0.665196
0.951473, 0.399362, 0.069635, 0.347261
0.407310, 0.652406, 0.987398, 0.194499
0.947214, 0.829116, 0.960748, 0.287880
0.402852, 0.728710, 0.435510, 0.611059
0.075580, 0.266767, 0.557743, 0.980240
0.898469, 0.563092, 0.885759, 0.949755
0.524677, 0.238681, 0.515501, 0.024090
0.879025, 0.775767, 0.316991, 0.672153
0.876459, 0.643535, 0.888168, 0.445580
0.871110, 0.745209, 0.720110, 0.885287
0.017659, 0.792553, 0.444189, 0.478945
0.634068, 0.773049, 0.633832, 0.816663
0.651170, 0.214187, 0.836480, 0.720330
0.588607, 0.725941, 0.896936, 0.806863
0.944180, 0.836650, 0.579772, 0.234883
0.686459, 0.309136, 0.644724, 0.872497
0.057630, 0.592727, 0.969720, 0.082920
0.628167, 0.610423, 0.371353, 0.323933
0.335707, 0.232357, 0.221886, 0.237482
0.352582, 0.851252, 0.999561, 0.613895
0.738591, 0.499600, 0.772598, 0.050761
0.143740, 0.831626, 0.138914, 0.734177
0.318227, 0.448377, 0.876526, 0.778468
0.708978, 0.795773, 0.561341, 0.453375
0.867556, 0.013263, 0.905711, 0.281549
0.999801, 0.649210, 0.279847, 0.381750
0.073868, 0.502207, 0.595006, 0.270969
0.181255, 0.357509, 0.648839, 0.037041
0.555046, 0.665750, 0.262027, 0.882110
0.629525, 0.431552, 0.090857, 0.039870
0.097587, 0.137410, 0.444157, 0.951151
0.988711, 0.261331, 0.186235, 0.059706
0.481562, 0.619358, 0.557704, 0.329313
0.769091, 0.112840, 0.495637, 0.165852
0.470190, 0.490906, 0.658134, 0.262720
0.536177, 0.524480, 0.937910, 0.453352
0.479454, 0.185886, 0.193388, 0.280157
0.605265, 0.682120, 0.384373, 0.159305
0.444399, 0.016190, 0.110486, 0.932495
0.440707, 0.961120, 0.539819, 0.734154
0.928239, 0.920394, 0.063321, 0.242394
0.917538, 0.059519, 0.328115, 0.624533
0.527653, 0.266258, 0.997189, 0.763729
0.996604, 0.920943, 0.286572, 0.421116
0.700060, 0.901588, 0.993129, 0.522274
0.855148, 0.473252, 0.942725, 0.386509
0.058892, 0.804763, 0.651520, 0.100219
0.381573, 0.104231, 0.803874, 0.711553
0.064912, 0.980692, 0.483848, 0.039663
0.608873, 0.326816, 0.793314, 0.233744
0.533893, 0.138596, 0.389933, 0.608056
0.598511, 0.175292, 0.137634, 0.209635
0.332547, 0.110562, 0.223353, 0.888870
0.236147, 0.916628, 0.763991, 0.399555
0.318259, 0.973127, 0.353684, 0.359716
0.741673, 0.306275, 0.555825, 0.747847
0.067957, 0.157978, 0.129691, 0.712343
0.348131, 0.044702, 0.305285, 0.930918
0.942131, 0.397260, 0.750694, 0.906937
0.886439, 0.374610, 0.072430, 0.331968
0.391581, 0.309592, 0.309635, 0.036071
0.242028, 0.772429, 0.219024, 0.141234
0.713949, 0.348182, 0.892337, 0.505430
0.765339, 0.044669, 0.752908, 0.125369
0.074096, 0.329599, 0.571844, 0.986525
0.524471, 0.781758, 0.011403, 0.642066
0.198454, 0.421468, 0.606472, 0.971082
0.973289, 0.062484, 0.166646, 0.810949
0.620735, 0.689900, 0.149746, 0.774165
0.382862, 0.767308, 0.139943, 0.019176
0.284071, 0.383159, 0.753237, 0.655560
0.990576, 0.606315, 0.341563, 0.644153
0.275122, 0.978022, 0.608989, 0.275394
0.545655, 0.824443, 0.409139, 0.394298
0.972308, 0.588423, 0.620258, 0.677232
0.236093, 0.022880, 0.543199, 0.538576
0.849143, 0.552917, 0.871482, 0.005678
0.427601, 0.694617, 0.431187, 0.961104
0.276516, 0.408348, 0.098385, 0.554006
0.175153, 0.798488, 0.195515, 0.013849
0.759133, 0.751435, 0.367260, 0.541252
0.830050, 0.654215, 0.386816, 0.217338
0.807844, 0.431038, 0.447321, 0.128191
0.512491, 0.427912, 0.913952, 0.798260
0.350028, 0.921645, 0.084073, 0.009114
0.185158, 0.945050, 0.457873, 0.475581
0.097808, 0.862918, 0.062069, 0.196622
0.624509, 0.121684, 0.138111, 0.237917
0.664086, 0.294465, 0.070030, 0.988240
0.350523, 0.236896, 0.511690, 0.973366
0.356222, 0.020715, 0.148735, 0.780792
0.778080, 0.198042, 0.484448, 0.114884
0.859674, 0.549106, 0.830095, 0.407456
0.109698, 0.695968, 0.131141, 0.081035
0.955250, 0.890234, 0.168301, 0.631195
0.497029, 0.572206, 0.059341, 0.350416
0.442278, 0.370718, 0.650565, 0.046371
0.362107, 0.931473, 0.262116, 0.383044
0.814998, 0.664637, 0.554508, 0.607894
0.871381, 0.306863, 0.440694, 0.736566
0.457601, 0.906250, 0.338654, 0.762818
0.686347, 0.438266, 0.931082, 0.687042
0.119544, 0.182926, 0.433106, 0.208547
0.054194, 0.842496, 0.838657, 0.302815
0.410214, 0.459265, 0.862581, 0.394009
0.110466, 0.604437, 0.771241, 0.252829
0.302239, 0.729864, 0.816026, 0.951216
0.090984, 0.174951, 0.395419, 0.802936
0.952047, 0.050120, 0.368496, 0.314902
0.554185, 0.194997, 0.311732, 0.287110
0.460502, 0.661525, 0.248276, 0.767650
0.886580, 0.744724, 0.581578, 0.580926
0.621583, 0.941468, 0.252745, 0.886511
0.596291, 0.858084, 0.811552, 0.759874
0.209817, 0.400702, 0.606573, 0.666602
0.582788, 0.910695, 0.048526, 0.570797
0.376779, 0.529646, 0.759737, 0.906118
0.121225, 0.424379, 0.541620, 0.013688
0.055240, 0.418698, 0.062522, 0.800425
0.741033, 0.539726, 0.177583, 0.640631
0.089073, 0.055883, 0.232080, 0.562887
0.449889, 0.282306, 0.720969, 0.326965
0.305070, 0.313782, 0.727972, 0.018685
0.043272, 0.274520, 0.862416, 0.623200
0.129641, 0.874194, 0.571786, 0.003932
0.086707, 0.289162, 0.945990, 0.248176
0.091570, 0.016947, 0.820134, 0.986626
0.214896, 0.760157, 0.960549, 0.942710
0.126830, 0.635082, 0.820173, 0.640143
0.883282, 0.315771, 0.163865, 0.072568
0.656807, 0.954625, 0.381760, 0.248623
0.609479, 0.506246, 0.469765, 0.340899
0.497180, 0.108074, 0.407304, 0.564492
0.423424, 0.479915, 0.930282, 0.254739
0.392208, 0.835706, 0.715487, 0.192184
0.030210, 0.732223, 0.471472, 0.033034
0.209225, 0.445694, 0.776197, 0.542061
0.412033, 0.041750, 0.685822, 0.618730
0.997623, 0.049461, 0.285880, 0.783086
0.326033, 0.630535, 0.404755, 0.722759
0.414221, 0.811692, 0.100530, 0.610731
0.551227, 0.477477, 0.962597, 0.363520
0.685200, 0.155994, 0.784779, 0.785247
0.646467, 0.172381, 0.205076, 0.706037
0.355957, 0.567542, 0.673432, 0.374885
0.687617, 0.771023, 0.583264, 0.916437
0.551235, 0.611371, 0.311076, 0.259372
0.271657, 0.737891, 0.738539, 0.624541
0.664043, 0.575292, 0.931139, 0.659578
0.531250, 0.722683, 0.133099, 0.996537
0.798524, 0.794686, 0.283834, 0.391390
0.088235, 0.961422, 0.618639, 0.471778
0.179209, 0.961054, 0.436066, 0.959892
0.909650, 0.492289, 0.899829, 0.428346
0.215313, 0.768499, 0.156000, 0.885419
0.229665, 0.975305, 0.954427, 0.058982
0.302214, 0.302677, 0.088936, 0.745915
0.590834, 0.140831, 0.946151, 0.966650
0.479206, 0.014400, 0.026157, 0.621006
0.250349, 0.613510, 0.262224, 0.190685
0.834849, 0.314694, 0.058178, 0.791184
0.436729, 0.107780, 0.466619, 0.468829
0.606391, 0.614083, 0.899278, 0.166879
0.737572, 0.365189, 0.725336, 0.717984
0.154217, 0.928949, 0.851021, 0.109096
0.574023, 0.599744, 0.894971, 0.777182
0.096115, 0.406153, 0.217465, 0.933462
0.699684, 0.586013, 0.128071, 0.495870
0.086041, 0.090582, 0.418767, 0.215964
0.708104, 0.097813, 0.937519, 0.880266
0.626553, 0.477566, 0.458991, 0.257075
0.667198, 0.602567, 0.347805, 0.562714
0.530043, 0.427381, 0.998575, 0.053048
0.569671, 0.458465, 0.416644, 0.527845
0.498775, 0.918288, 0.674350, 0.801942
0.240244, 0.780342, 0.211907, 0.515203
0.016795, 0.265247, 0.001837, 0.879887
0.259191, 0.226964, 0.592170, 0.600045
0.963719, 0.225673, 0.883035, 0.164093
0.918775, 0.850488, 0.145375, 0.319893
0.445311, 0.349926, 0.206527, 0.103952
0.125177, 0.843347, 0.136040, 0.428026
0.836117, 0.610565, 0.772764, 0.852695
0.250348, 0.604236, 0.389945, 0.798378
0.334443, 0.985517, 0.591542, 0.043314
0.982040, 0.141540, 0.855538, 0.018867
0.097990, 0.920148, 0.931327, 0.814842
0.042842, 0.053169, 0.602985, 0.370438
