GCC @ WIN32:
short:2
int:4
long:4
float:4
double:8
longlong:8
@dimension:2
 2.000000 0.000000 0.000000 2.000000
 0.000000 0.000000 0.000000 2.000000
 0.000000 0.000000 2.000000 0.000000

Point adding:0.200000 0.200000
1.000000 1.000000 2.000000
 2.000000 0.000000 0.000000 2.000000
 0.200000 0.200000 0.000000 2.000000
 0.200000 0.200000 2.000000 0.000000
 0.000000 0.000000 0.000000 2.000000
 0.200000 0.200000 0.000000 2.000000
 0.200000 0.200000 0.000000 0.000000
 0.000000 0.000000 2.000000 0.000000
 0.200000 0.200000 2.000000 0.000000
 0.200000 0.200000 0.000000 0.000000

Point adding:0.600000 0.900000
1.225000 1.225000 2.101250
-0.800000 1.000000 1.640000
1.000000 -0.800000 1.640000
 2.000000 0.000000 0.000000 2.000000
 0.600000 0.900000 0.000000 2.000000
 0.600000 0.900000 2.000000 0.000000
 0.200000 0.200000 0.000000 2.000000
 0.600000 0.900000 0.000000 2.000000
 0.600000 0.900000 0.200000 0.200000
 0.200000 0.200000 2.000000 0.000000
 0.600000 0.900000 2.000000 0.000000
 0.600000 0.900000 0.200000 0.200000
 0.000000 0.000000 0.000000 2.000000
 0.200000 0.200000 0.000000 2.000000
 0.200000 0.200000 0.000000 0.000000
 0.000000 0.000000 2.000000 0.000000
 0.200000 0.200000 2.000000 0.000000
 0.200000 0.200000 0.000000 0.000000

Point adding:0.300000 0.100000
2.830000 2.830000 8.697800
-0.454651 1.038372 1.131436
1.105224 0.147015 0.822238
-0.800000 1.000000 1.640000
1.000000 -0.800000 1.640000
 0.600000 0.900000 2.000000 0.000000
 0.300000 0.100000 2.000000 0.000000
 0.300000 0.100000 0.600000 0.900000
 0.600000 0.900000 0.200000 0.200000
 0.300000 0.100000 0.200000 0.200000
 0.300000 0.100000 0.600000 0.900000
 0.000000 0.000000 2.000000 0.000000
 0.300000 0.100000 2.000000 0.000000
 0.300000 0.100000 0.000000 0.000000
 0.200000 0.200000 0.000000 0.000000
 0.300000 0.100000 0.000000 0.000000
 0.300000 0.100000 0.200000 0.200000
 2.000000 0.000000 0.000000 2.000000
 0.600000 0.900000 0.000000 2.000000
 0.600000 0.900000 2.000000 0.000000
 0.200000 0.200000 0.000000 2.000000
 0.600000 0.900000 0.000000 2.000000
 0.600000 0.900000 0.200000 0.200000
 0.000000 0.000000 0.000000 2.000000
 0.200000 0.200000 0.000000 2.000000
 0.200000 0.200000 0.000000 0.000000

Point adding:0.500000 0.500000
1.160791 0.233453 0.758772
0.559091 0.459091 0.196074
1.000000 -2.500000 7.250000
0.150000 0.050000 0.025000
2.830000 2.830000 8.697800
-0.454651 1.038372 1.131436
-0.800000 1.000000 1.640000
 0.600000 0.900000 2.000000 0.000000
 0.500000 0.500000 2.000000 0.000000
 0.500000 0.500000 0.600000 0.900000
 0.300000 0.100000 2.000000 0.000000
 0.500000 0.500000 2.000000 0.000000
 0.500000 0.500000 0.300000 0.100000
 0.600000 0.900000 0.200000 0.200000
 0.500000 0.500000 0.200000 0.200000
 0.500000 0.500000 0.600000 0.900000
 0.300000 0.100000 0.200000 0.200000
 0.500000 0.500000 0.200000 0.200000
 0.500000 0.500000 0.300000 0.100000
 0.000000 0.000000 2.000000 0.000000
 0.300000 0.100000 2.000000 0.000000
 0.300000 0.100000 0.000000 0.000000
 0.200000 0.200000 0.000000 0.000000
 0.300000 0.100000 0.000000 0.000000
 0.300000 0.100000 0.200000 0.200000
 2.000000 0.000000 0.000000 2.000000
 0.600000 0.900000 0.000000 2.000000
 0.600000 0.900000 2.000000 0.000000
 0.200000 0.200000 0.000000 2.000000
 0.600000 0.900000 0.000000 2.000000
 0.600000 0.900000 0.200000 0.200000
 0.000000 0.000000 0.000000 2.000000
 0.200000 0.200000 0.000000 2.000000
 0.200000 0.200000 0.000000 0.000000

Point adding:0.600000 0.700000
1.334615 0.503846 0.696598
1.142857 -0.071429 0.739796
-0.183333 0.883333 0.613889
0.400000 0.300000 0.050000
1.000000 -2.500000 7.250000
0.150000 0.050000 0.025000
2.830000 2.830000 8.697800
-0.454651 1.038372 1.131436
-0.800000 1.000000 1.640000
 0.600000 0.900000 2.000000 0.000000
 0.600000 0.700000 2.000000 0.000000
 0.600000 0.700000 0.600000 0.900000
 0.500000 0.500000 2.000000 0.000000
 0.600000 0.700000 2.000000 0.000000
 0.600000 0.700000 0.500000 0.500000
 0.500000 0.500000 0.600000 0.900000
 0.600000 0.700000 0.600000 0.900000
 0.600000 0.700000 0.500000 0.500000
 0.300000 0.100000 2.000000 0.000000
 0.500000 0.500000 2.000000 0.000000
 0.500000 0.500000 0.300000 0.100000
 0.600000 0.900000 0.200000 0.200000
 0.500000 0.500000 0.200000 0.200000
 0.500000 0.500000 0.600000 0.900000
 0.300000 0.100000 0.200000 0.200000
 0.500000 0.500000 0.200000 0.200000
 0.500000 0.500000 0.300000 0.100000
 0.000000 0.000000 2.000000 0.000000
 0.300000 0.100000 2.000000 0.000000
 0.300000 0.100000 0.000000 0.000000
 0.200000 0.200000 0.000000 0.000000
 0.300000 0.100000 0.000000 0.000000
 0.300000 0.100000 0.200000 0.200000
 2.000000 0.000000 0.000000 2.000000
 0.600000 0.900000 0.000000 2.000000
 0.600000 0.900000 2.000000 0.000000
 0.200000 0.200000 0.000000 2.000000
 0.600000 0.900000 0.000000 2.000000
 0.600000 0.900000 0.200000 0.200000
 0.000000 0.000000 0.000000 2.000000
 0.200000 0.200000 0.000000 2.000000
 0.200000 0.200000 0.000000 0.000000

Point adding:0.400000 0.800000
1.525000 0.800000 0.865625
1.250000 0.250000 0.625000
0.150000 0.800000 0.212500
1.142857 -0.071429 0.739796
-0.183333 0.883333 0.613889
0.400000 0.300000 0.050000
1.000000 -2.500000 7.250000
0.150000 0.050000 0.025000
2.830000 2.830000 8.697800
-0.454651 1.038372 1.131436
-0.800000 1.000000 1.640000
 0.600000 0.700000 0.600000 0.900000
 0.400000 0.800000 0.600000 0.900000
 0.400000 0.800000 0.600000 0.700000
 0.600000 0.700000 0.500000 0.500000
 0.400000 0.800000 0.500000 0.500000
 0.400000 0.800000 0.600000 0.700000
 0.500000 0.500000 0.200000 0.200000
 0.400000 0.800000 0.200000 0.200000
 0.400000 0.800000 0.500000 0.500000
 0.600000 0.900000 0.000000 2.000000
 0.400000 0.800000 0.000000 2.000000
 0.400000 0.800000 0.600000 0.900000
 0.000000 0.000000 0.000000 2.000000
 0.400000 0.800000 0.000000 2.000000
 0.400000 0.800000 0.000000 0.000000
 0.200000 0.200000 0.000000 0.000000
 0.400000 0.800000 0.000000 0.000000
 0.400000 0.800000 0.200000 0.200000
 0.600000 0.900000 2.000000 0.000000
 0.600000 0.700000 2.000000 0.000000
 0.600000 0.700000 0.600000 0.900000
 0.500000 0.500000 2.000000 0.000000
 0.600000 0.700000 2.000000 0.000000
 0.600000 0.700000 0.500000 0.500000
 0.300000 0.100000 2.000000 0.000000
 0.500000 0.500000 2.000000 0.000000
 0.500000 0.500000 0.300000 0.100000
 0.300000 0.100000 0.200000 0.200000
 0.500000 0.500000 0.200000 0.200000
 0.500000 0.500000 0.300000 0.100000
 0.000000 0.000000 2.000000 0.000000
 0.300000 0.100000 2.000000 0.000000
 0.300000 0.100000 0.000000 0.000000
 0.200000 0.200000 0.000000 0.000000
 0.300000 0.100000 0.000000 0.000000
 0.300000 0.100000 0.200000 0.200000
 2.000000 0.000000 0.000000 2.000000
 0.600000 0.900000 0.000000 2.000000
 0.600000 0.900000 2.000000 0.000000

Point adding:0.400000 0.200000
0.525000 0.800000 0.015625
0.450000 0.650000 0.025000
0.150000 0.550000 0.125000
0.221429 1.407143 0.400510
-1.000000 1.000000 2.000000
-0.600000 0.800000 1.000000
1.525000 0.800000 0.865625
1.250000 0.250000 0.625000
1.142857 -0.071429 0.739796
0.400000 0.300000 0.050000
1.000000 -2.500000 7.250000
0.150000 0.050000 0.025000
2.830000 2.830000 8.697800
 0.300000 0.100000 2.000000 0.000000
 0.400000 0.200000 2.000000 0.000000
 0.400000 0.200000 0.300000 0.100000
 0.500000 0.500000 2.000000 0.000000
 0.400000 0.200000 2.000000 0.000000
 0.400000 0.200000 0.500000 0.500000
 0.300000 0.100000 0.200000 0.200000
 0.400000 0.200000 0.200000 0.200000
 0.400000 0.200000 0.300000 0.100000
 0.500000 0.500000 0.200000 0.200000
 0.400000 0.200000 0.200000 0.200000
 0.400000 0.200000 0.500000 0.500000
 0.600000 0.700000 0.600000 0.900000
 0.400000 0.800000 0.600000 0.900000
 0.400000 0.800000 0.600000 0.700000
 0.600000 0.700000 0.500000 0.500000
 0.400000 0.800000 0.500000 0.500000
 0.400000 0.800000 0.600000 0.700000
 0.500000 0.500000 0.200000 0.200000
 0.400000 0.800000 0.200000 0.200000
 0.400000 0.800000 0.500000 0.500000
 0.600000 0.900000 0.000000 2.000000
 0.400000 0.800000 0.000000 2.000000
 0.400000 0.800000 0.600000 0.900000
 0.000000 0.000000 0.000000 2.000000
 0.400000 0.800000 0.000000 2.000000
 0.400000 0.800000 0.000000 0.000000
 0.200000 0.200000 0.000000 0.000000
 0.400000 0.800000 0.000000 0.000000
 0.400000 0.800000 0.200000 0.200000
 0.600000 0.900000 2.000000 0.000000
 0.600000 0.700000 2.000000 0.000000
 0.600000 0.700000 0.600000 0.900000
 0.500000 0.500000 2.000000 0.000000
 0.600000 0.700000 2.000000 0.000000
 0.600000 0.700000 0.500000 0.500000
 0.000000 0.000000 2.000000 0.000000
 0.300000 0.100000 2.000000 0.000000
 0.300000 0.100000 0.000000 0.000000
 0.200000 0.200000 0.000000 0.000000
 0.300000 0.100000 0.000000 0.000000
 0.300000 0.100000 0.200000 0.200000
 2.000000 0.000000 0.000000 2.000000
 0.600000 0.900000 0.000000 2.000000
 0.600000 0.900000 2.000000 0.000000

Point adding:0.900000 0.500000
1.111111 -0.611111 1.163580
1.200000 0.100000 0.650000
0.300000 0.200000 0.010000
0.300000 0.400000 0.050000
0.525000 0.800000 0.015625
0.450000 0.650000 0.025000
0.150000 0.550000 0.125000
0.221429 1.407143 0.400510
-1.000000 1.000000 2.000000
-0.600000 0.800000 1.000000
1.525000 0.800000 0.865625
1.250000 0.250000 0.625000
1.000000 -2.500000 7.250000
0.150000 0.050000 0.025000
2.830000 2.830000 8.697800
 0.400000 0.200000 2.000000 0.000000
 0.900000 0.500000 2.000000 0.000000
 0.900000 0.500000 0.400000 0.200000
 0.400000 0.200000 0.500000 0.500000
 0.900000 0.500000 0.500000 0.500000
 0.900000 0.500000 0.400000 0.200000
 0.600000 0.900000 2.000000 0.000000
 0.900000 0.500000 2.000000 0.000000
 0.900000 0.500000 0.600000 0.900000
 0.600000 0.700000 0.600000 0.900000
 0.900000 0.500000 0.600000 0.900000
 0.900000 0.500000 0.600000 0.700000
 0.600000 0.700000 0.500000 0.500000
 0.900000 0.500000 0.500000 0.500000
 0.900000 0.500000 0.600000 0.700000
 0.300000 0.100000 2.000000 0.000000
 0.400000 0.200000 2.000000 0.000000
 0.400000 0.200000 0.300000 0.100000
 0.300000 0.100000 0.200000 0.200000
 0.400000 0.200000 0.200000 0.200000
 0.400000 0.200000 0.300000 0.100000
 0.500000 0.500000 0.200000 0.200000
 0.400000 0.200000 0.200000 0.200000
 0.400000 0.200000 0.500000 0.500000
 0.600000 0.700000 0.600000 0.900000
 0.400000 0.800000 0.600000 0.900000
 0.400000 0.800000 0.600000 0.700000
 0.600000 0.700000 0.500000 0.500000
 0.400000 0.800000 0.500000 0.500000
 0.400000 0.800000 0.600000 0.700000
 0.500000 0.500000 0.200000 0.200000
 0.400000 0.800000 0.200000 0.200000
 0.400000 0.800000 0.500000 0.500000
 0.600000 0.900000 0.000000 2.000000
 0.400000 0.800000 0.000000 2.000000
 0.400000 0.800000 0.600000 0.900000
 0.000000 0.000000 0.000000 2.000000
 0.400000 0.800000 0.000000 2.000000
 0.400000 0.800000 0.000000 0.000000
 0.200000 0.200000 0.000000 0.000000
 0.400000 0.800000 0.000000 0.000000
 0.400000 0.800000 0.200000 0.200000
 0.000000 0.000000 2.000000 0.000000
 0.300000 0.100000 2.000000 0.000000
 0.300000 0.100000 0.000000 0.000000
 0.200000 0.200000 0.000000 0.000000
 0.300000 0.100000 0.000000 0.000000
 0.300000 0.100000 0.200000 0.200000
 2.000000 0.000000 0.000000 2.000000
 0.600000 0.900000 0.000000 2.000000
 0.600000 0.900000 2.000000 0.000000

Point adding:0.100000 0.600000
1.131034 -0.451724 0.959156
0.700000 0.266667 0.094444
2.122414 1.729310 3.005499
0.883333 0.800000 0.090278
0.700000 0.525000 0.040625
1.111111 -0.611111 1.163580
0.300000 0.200000 0.010000
0.300000 0.400000 0.050000
0.525000 0.800000 0.015625
0.450000 0.650000 0.025000
0.150000 0.550000 0.125000
0.221429 1.407143 0.400510
-1.000000 1.000000 2.000000
-0.600000 0.800000 1.000000
1.000000 -2.500000 7.250000
0.150000 0.050000 0.025000
2.830000 2.830000 8.697800
 0.500000 0.500000 0.200000 0.200000
 0.100000 0.600000 0.200000 0.200000
 0.100000 0.600000 0.500000 0.500000
 0.400000 0.800000 0.500000 0.500000
 0.100000 0.600000 0.500000 0.500000
 0.100000 0.600000 0.400000 0.800000
 0.000000 0.000000 0.000000 2.000000
 0.100000 0.600000 0.000000 2.000000
 0.100000 0.600000 0.000000 0.000000
 0.400000 0.800000 0.000000 2.000000
 0.100000 0.600000 0.000000 2.000000
 0.100000 0.600000 0.400000 0.800000
 0.200000 0.200000 0.000000 0.000000
 0.100000 0.600000 0.000000 0.000000
 0.100000 0.600000 0.200000 0.200000
 0.400000 0.200000 2.000000 0.000000
 0.900000 0.500000 2.000000 0.000000
 0.900000 0.500000 0.400000 0.200000
 0.400000 0.200000 0.500000 0.500000
 0.900000 0.500000 0.500000 0.500000
 0.900000 0.500000 0.400000 0.200000
 0.600000 0.900000 2.000000 0.000000
 0.900000 0.500000 2.000000 0.000000
 0.900000 0.500000 0.600000 0.900000
 0.600000 0.700000 0.600000 0.900000
 0.900000 0.500000 0.600000 0.900000
 0.900000 0.500000 0.600000 0.700000
 0.600000 0.700000 0.500000 0.500000
 0.900000 0.500000 0.500000 0.500000
 0.900000 0.500000 0.600000 0.700000
 0.300000 0.100000 2.000000 0.000000
 0.400000 0.200000 2.000000 0.000000
 0.400000 0.200000 0.300000 0.100000
 0.300000 0.100000 0.200000 0.200000
 0.400000 0.200000 0.200000 0.200000
 0.400000 0.200000 0.300000 0.100000
 0.500000 0.500000 0.200000 0.200000
 0.400000 0.200000 0.200000 0.200000
 0.400000 0.200000 0.500000 0.500000
 0.600000 0.700000 0.600000 0.900000
 0.400000 0.800000 0.600000 0.900000
 0.400000 0.800000 0.600000 0.700000
 0.600000 0.700000 0.500000 0.500000
 0.400000 0.800000 0.500000 0.500000
 0.400000 0.800000 0.600000 0.700000
 0.600000 0.900000 0.000000 2.000000
 0.400000 0.800000 0.000000 2.000000
 0.400000 0.800000 0.600000 0.900000
 0.000000 0.000000 2.000000 0.000000
 0.300000 0.100000 2.000000 0.000000
 0.300000 0.100000 0.000000 0.000000
 0.200000 0.200000 0.000000 0.000000
 0.300000 0.100000 0.000000 0.000000
 0.300000 0.100000 0.200000 0.200000
 2.000000 0.000000 0.000000 2.000000
 0.600000 0.900000 0.000000 2.000000
 0.600000 0.900000 2.000000 0.000000

-4.150000 1.000000 18.222500
2.830000 2.830000 8.697800
1.000000 -2.500000 7.250000
2.122414 1.729310 3.005499
1.111111 -0.611111 1.163580
1.131034 -0.451724 0.959156
-0.140909 1.286364 0.529132
0.221429 1.407143 0.400510
-0.130000 0.330000 0.125800
0.700000 0.266667 0.094444
0.883333 0.800000 0.090278
0.270000 0.430000 0.057800
0.300000 0.400000 0.050000
0.313636 0.604545 0.045661
0.700000 0.525000 0.040625
0.450000 0.650000 0.025000
0.150000 0.050000 0.025000
0.525000 0.800000 0.015625
0.300000 0.200000 0.010000
